10410
55322
8519
134553
10581
57452
27132
23613
79752
196
53349
8671
340371
2202
55297
10296
25874
83752
55149
80212
51125
5164
4216
23360
115362
3488
54995
3849
253461
79048
55204
55090
4286
440138
24140
3135
8525
388698
93129
153443
11014
768211
23479
1825
448834
2886
25906
51241
83461
113130
6383
8503
51759
5295
51099
6526
2960
3091
677
1948
1716
9530
891
81788
81858
55100
5577
3656
25979
64780
57513
51003
1855
4629
84298
57787
7813
25829
7040
7862
9922
9885
11228
9931
126792
259217
23341
84058
192286
147007
4850
192669
80346
91942
85378
4794
23080
29899
54893
84193
1027
79829
23032
27129
51074
9928
51422
57106
92949
400569
840
51585
9050
11064
3423
10749
54908
145553
57221
91647
219654
55706
8481
84084
8844
117159
149371
79913
51226
145482
81533
83855
890
23216
347733
11269
8559
7280
80772
80301
252839
78987
1410
10110
55890
9469
6602
55088
83877
347902
158471
6718
55425
55035
331
10300
23582
7035
84961
54876
9630
8479
207063
51444
84498
374882
6293
7428
2635
25970
25803
201161
91612
23759
345
1646
255104
5194
6895
56655
5877
100134934
814
90624
90121
6878
2073
79612
51646
25974
