x
NA
117159
NA
24140
374882
85378
7280
80346
NA
2960
51585
219654
53349
3135
78987
NA
81533
27129
7040
4850
23479
3423
55322
145482
84058
93129
90624
345
3656
51646
23582
255104
91612
23216
90121
51759
51074
192286
147007
80212
814
25974
10296
1855
84084
8559
81858
5877
11269
11014
3849
4629
81788
54876
347902
9885
25829
7862
11064
890
10110
113130
3488
259217
201161
115362
768211
57787
84298
80772
54893
6602
80301
158471
840
55425
84498
347733
8844
6293
7813
6383
NA
8479
9630
196
1646
448834
331
55706
51226
25906
9050
4286
54995
83877
5194
57452
51003
8481
27132
7428
79913
1825
4794
1027
57221
57513
55090
83855
57106
55297
192669
55100
253461
23360
51099
1716
6895
79829
NA
8525
9530
5577
NA
NA
51241
23341
51444
440138
153443
252839
56655
79752
10749
91647
25970
9469
388698
11228
1948
25803
23032
145553
79612
100134934
400569
23080
29899
6526
340371
7035
NA
51125
NA
23759
8671
9928
55035
9931
84961
25979
10300
55890
23613
134553
4216
25874
NA
55204
2073
9922
NA
2202
2886
6718
51422
NA
5164
126792
83752
677
55088
92949
NA
54908
6878
891
55149
79048
84193
91942
83461
2635
149371
1410
64780
207063
